Open,High,Low,Close,Volume,Dividends,Stock Splits,Capital Gains,Moving_Average
24.948562218115743,24.948562218115743,24.502644826492457,24.625295639038086,8300,0.0,0.0,0.0,
24.729883429873365,24.815454105097654,24.72037537557334,24.758407592773438,2600,0.0,0.0,0.0,
24.634803182068687,24.907678701886272,24.625295128354658,24.815452575683594,21400,0.0,0.0,0.0,
24.872499465942383,25.034132754608077,24.837319848008537,24.872499465942383,5200,0.0,0.0,0.0,
24.92954804427946,24.92954804427946,24.739392391730956,24.891517639160156,3900,0.0,0.0,0.0,24.792634582519533
25.671157666265735,25.832790953740517,25.243304313104307,25.376415252685547,15700,0.0,0.0,0.0,24.942858505249024
25.338384863674488,25.43346359494893,25.129213105651488,25.36690902709961,20700,0.0,0.0,0.0,25.06455879211426
24.920038917028588,24.920038917028588,24.40661668242262,24.739391326904297,18100,0.0,0.0,0.0,25.0493465423584
24.283014218247665,24.3780911282649,24.244982003460123,24.27350616455078,55300,0.0,0.0,0.0,24.92954788208008
24.44464783275823,24.482680050878546,24.27350829164472,24.311538696289062,10900,0.0,0.0,0.0,24.81355209350586
24.29251940511086,24.425630337619573,24.235472898878974,24.392353057861328,48800,0.0,0.0,0.0,24.616739654541014
24.615787821831248,24.753651884655678,24.53972520328602,24.653820037841797,45600,0.0,0.0,0.0,24.474121856689454
24.520710966854196,24.520710966854196,24.160362429161193,24.39710807800293,10000,0.0,0.0,0.0,24.40566520690918
24.387599643652724,24.43513991303716,24.34006118774414,24.34006118774414,1400,0.0,0.0,0.0,24.41897621154785
24.53021798243535,24.67283698384299,24.50169563293457,24.50169563293457,8800,0.0,0.0,0.0,24.457007598876952
24.558742133165634,24.558742133165634,24.235475540161133,24.235475540161133,18200,0.0,0.0,0.0,24.425632095336915
24.685253105484332,24.97173500061035,24.63750490869168,24.97173500061035,13500,0.111,0.0,0.0,24.489215087890624
24.58975889400007,24.608858172997287,24.387311272289065,24.446517944335938,30200,0.0,0.0,0.0,24.499097061157226
24.790296078191968,24.92398921094574,24.656604766845703,24.656604766845703,30100,0.0,0.0,0.0,24.56240577697754
25.267768783323373,25.434884754855776,25.191373483065245,25.43010902404785,19200,0.0,0.0,0.0,24.748088455200197
25.143625802076453,25.20092181895268,25.076780145486264,25.11497688293457,38700,0.0,0.0,0.0,24.92398872375488
25.1149761735647,25.783436363401055,25.1149761735647,25.75478744506836,16700,0.0,0.0,0.0,25.080599212646483
26.108118966000777,26.3182055868289,26.050822946030856,26.12721824645996,21900,0.0,0.0,0.0,25.41673927307129
26.136767621728136,26.32775496016094,26.10811870132979,26.20361328125,22700,0.0,0.0,0.0,25.72614097595215
26.556939729284238,26.671533584594727,26.47099479315326,26.671533584594727,75900,0.0,0.0,0.0,25.974425888061525
26.795674863982462,27.168103522206387,26.576038617727015,27.072608947753906,49700,0.0,0.0,0.0,26.36595230102539
26.81477295974365,27.08215739212867,26.81477295974365,27.005762100219727,29500,0.0,0.0,0.0,26.616147232055663
27.120356324052263,27.248319313532917,27.03441138601747,27.053510665893555,22700,0.0,0.0,0.0,26.801405715942384
27.320894465213684,27.43548649890892,26.910269064756104,26.95801544189453,90500,0.0,0.0,0.0,26.952286148071288
26.728830248762794,26.849152433696652,26.62378603063525,26.76702880859375,32500,0.0,0.0,0.0,26.971385192871093
26.814772789667238,27.04395866394043,26.787080111250898,27.04395866394043,25200,0.0,0.0,0.0,26.9656551361084
26.929369267780594,27.139455884365628,26.910269987707157,27.10125732421875,20800,0.0,0.0,0.0,26.984754180908205
26.958015547062136,27.168103978668878,26.910269169737443,27.0821590423584,7200,0.0,0.0,0.0,26.990483856201173
26.967563230855987,27.3017933121098,26.958013591802175,27.244497299194336,11000,0.0,0.0,0.0,27.047780227661132
27.177649825817642,27.25882084707135,27.074516274006836,27.244497299194336,6100,0.0,0.0,0.0,27.14327392578125
27.034408769015375,27.234947545486396,27.005761673381944,27.12035369873047,8200,0.0,0.0,0.0,27.15855293273926
27.110805315777053,27.215849528386133,26.97711400620731,27.024860382080078,7700,0.0,0.0,0.0,27.143273544311523
26.95801440771359,27.263595581054688,26.94942100729026,27.263595581054688,5600,0.0,0.0,0.0,27.17956085205078
27.234948277449526,27.816507284171333,27.22539863817926,27.626474380493164,17200,0.0,0.0,0.0,27.25595626831055
27.827013207352188,27.989353443020242,27.69332189141646,27.9129581451416,23400,0.0,0.0,0.0,27.3896484375
27.473683941845827,27.68759003413938,27.39728864868278,27.425935745239258,8800,0.0,0.0,0.0,27.450764846801757
27.215850093667314,27.215850093667314,27.120355518530836,27.158554077148438,4700,0.0,0.0,0.0,27.47750358581543
26.967562977936684,27.320892333984375,26.967562977936684,27.320892333984375,10500,0.0,0.0,0.0,27.488962936401368
27.330442686098866,27.375323986853825,27.21584883694509,27.254047393798828,10200,0.0,0.0,0.0,27.4144775390625
27.693320618565156,27.73151917645257,27.311344146728516,27.311344146728516,12500,0.0,0.0,0.0,27.294154739379884
26.986664273285722,27.0487360204899,26.91695354290204,26.996213912963867,8500,0.0,0.0,0.0,27.208210372924803
27.07260800240355,27.339990615844727,27.07260800240355,27.339990615844727,7500,0.0,0.0,0.0,27.24449768066406
27.33044370774998,27.569179232787807,27.239723042534795,27.35909080505371,8300,0.0,0.0,0.0,27.25213737487793
27.1681020162971,27.445034263310866,27.1681020162971,27.442169189453125,6400,0.0,0.0,0.0,27.28976173400879
27.244499399235846,27.454586010391253,27.187201560496376,27.3304443359375,9400,0.0,0.0,0.0,27.293581771850587
27.120356720160213,27.42116400767544,27.091709621335262,27.34954261779785,38500,0.0,0.0,0.0,27.364247512817382
27.16810378435542,27.19675088198233,26.929368256624382,26.996213912963867,51400,0.0,0.0,0.0,27.29549217224121
27.005763184577994,27.063059200458444,26.86729614324336,26.94846534729004,10100,0.0,0.0,0.0,27.213367080688478
27.177650082140747,27.243541317248315,27.05350841608517,27.168102264404297,3100,0.0,0.0,0.0,27.158553695678712
26.633334637211576,26.70972993250174,26.451896949277128,26.499643325805664,38700,0.0,0.0,0.0,26.992393493652344
26.919818704465296,27.120355674135723,26.824324128780912,26.95801544189453,18100,0.0,0.0,0.0,26.91408805847168
26.87684676082691,27.006718584872072,26.805225372314453,26.805225372314453,10300,0.0,0.0,0.0,26.8758903503418
27.10125519443549,27.139453751580486,26.795674022905306,26.89116859436035,8500,0.0,0.0,0.0,26.86443099975586
26.690633977786614,26.900720596313477,26.690633977786614,26.900720596313477,3200,0.0,0.0,0.0,26.810954666137697
27.175743459347316,27.435487108138048,27.175743459347316,27.42116355895996,4200,0.0,0.0,0.0,26.995258712768553
27.521433052540573,27.636026914378945,27.387741731568838,27.48323631286621,25500,0.0,0.0,0.0,27.10030288696289
27.273144711197318,27.273144711197318,27.005762100219727,27.005762100219727,14400,0.0,0.0,0.0,27.140410232543946
27.091708161310436,27.244498751501347,27.091708161310436,27.234949111938477,4500,0.0,0.0,0.0,27.20916633605957
27.139454147145443,27.21584944114147,26.95514956690869,27.063058853149414,4700,0.0,0.0,0.0,27.24163398742676
27.129905753673842,27.129905753673842,26.74792926615125,26.84342384338379,8200,0.0,0.0,0.0,27.126086044311524
26.327751361024177,26.593225127638036,26.21315933791133,26.4136962890625,25300,0.0,0.0,0.0,26.91217803955078
26.852971571272207,26.96756359866606,26.767026640023097,26.90167236328125,10900,0.0,0.0,0.0,26.891360092163087
25.6306468714296,25.94577770093867,25.506503374751976,25.859832763671875,36000,0.0,0.0,0.0,26.616336822509766
25.630646223064787,26.337303161621094,25.630646223064787,26.337303161621094,11700,0.0,0.0,0.0,26.4711856842041
25.85028150053769,26.012621725024342,25.777705699340604,25.907577514648438,6500,0.0,0.0,0.0,26.284016418457032
26.25135788110046,26.49009340401488,26.222708962644035,26.45189666748047,24900,0.0,0.0,0.0,26.291656494140625
26.986663818359375,27.07260875260634,26.833873228899773,26.986663818359375,9700,0.0,0.0,0.0,26.30865478515625
27.09170848833779,27.40683931208646,26.996213912963867,26.996213912963867,18400,0.0,0.0,0.0,26.535931015014647
27.36863983031625,27.388693526541747,26.795674218804564,26.977113723754883,12400,0.0,0.0,0.0,26.663893127441405
26.451894991494648,26.6619815826416,26.346850785217484,26.6619815826416,9300,0.0,0.0,0.0,26.814773941040038
26.929369516688435,27.09170975599798,26.89117095618849,26.900720596313477,16800,0.0,0.0,0.0,26.904538726806642
26.986664919395874,27.12990587518244,26.986664919395874,27.09170913696289,18100,0.0,0.0,0.0,26.925547790527343
27.411613279873063,27.588277060777923,27.311344795149292,27.40683937072754,26100,0.0,0.0,0.0,27.00767288208008
27.912957690292274,27.970255528823248,27.71910528534435,27.90340805053711,12300,0.0,0.0,0.0,27.192931747436525
28.00845237141906,28.132594045886403,27.941606714289914,28.027551651000977,13100,0.0,0.0,0.0,27.466045761108397
28.027551216611357,28.14214324951172,27.94160628123233,28.14214324951172,7500,0.0,0.0,0.0,27.71433029174805
28.266285655962758,28.266285655962758,28.142142166788144,28.199440002441406,14300,0.0,0.0,0.0,27.93587646484375
27.90340805053711,28.060974374385978,27.855661673168843,27.90340805053711,10500,0.0,0.0,0.0,28.035190200805665
27.903407099518372,28.285385391075913,27.903407099518372,28.2089900970459,10900,0.0,0.0,0.0,28.096306610107423
27.998901023952115,28.113494873046875,27.998901023952115,28.113494873046875,3600,0.0,0.0,0.0,28.1134952545166
28.14214389629404,28.37132978876959,28.0466511404849,28.237638473510742,4600,0.0,0.0,0.0,28.132594299316406
28.485922031898692,28.571866964383933,28.3044825276068,28.447725296020508,9800,0.0,0.0,0.0,28.182251358032225
28.61006556281615,28.734209060668945,28.586192373662175,28.734209060668945,9900,0.0,0.0,0.0,28.348411560058594
28.734206529984554,28.734206529984554,28.524119933961753,28.70460319519043,5100,0.0,0.0,0.0,28.4475341796875
28.59096561306126,28.59096561306126,28.372283795219467,28.47637176513672,7200,0.0,0.0,0.0,28.520109558105467
28.676912134304697,29.04933897325426,28.658767272565115,28.71510887145996,8400,0.0,0.0,0.0,28.615603637695312
28.696009137366126,28.72465805583415,28.591921163325043,28.70555877685547,2200,0.0,0.0,0.0,28.667170333862305
28.533668690603402,28.59096652710117,28.438175939255416,28.495471954345703,11000,0.0,0.0,0.0,28.619422912597656
28.543218290788708,28.781953811645508,28.53366865138554,28.781953811645508,8900,0.0,0.0,0.0,28.634893035888673
28.78195273030886,28.915645855522907,28.77431374763631,28.839250564575195,10000,0.0,0.0,0.0,28.707468795776368
28.781955318456212,28.781955318456212,28.47064397896334,28.485923767089844,20400,0.0,0.0,0.0,28.661631774902343
28.505021421398226,28.762856219856673,28.390427570503093,28.533668518066406,2500,0.0,0.0,0.0,28.62725372314453
28.5241226354924,28.820154190063477,28.5241226354924,28.820154190063477,17600,0.0,0.0,0.0,28.692190170288086
28.64826162399554,28.962438011514397,28.64826162399554,28.925195693969727,13400,0.0,0.0,0.0,28.72083854675293
28.82970239932611,29.011140086222515,28.82970239932611,28.95384407043457,8800,0.0,0.0,0.0,28.743757247924805
28.5432186126709,28.915647267964477,28.323582368143597,28.5432186126709,13500,0.0,0.0,0.0,28.755216217041017
28.67691211364155,28.867899442095304,28.54321898017565,28.590967178344727,5600,0.0,0.0,0.0,28.76667594909668
28.543219067612323,28.61961436350935,28.409527755144403,28.55276870727539,8700,0.0,0.0,0.0,28.713198852539062
28.724658357734697,29.043608670119447,28.505022111393913,28.915647506713867,9000,0.0,0.0,0.0,28.71128921508789
28.87744812507045,28.972942696837524,28.820152110573193,28.858348846435547,7300,0.0,0.0,0.0,28.692190170288086
28.562317545984996,28.82970198483028,28.562317545984996,28.657812118530273,4900,0.0,0.0,0.0,28.71510887145996
28.78195307225546,28.78195307225546,28.590965753320848,28.72465705871582,1600,0.0,0.0,0.0,28.74184684753418
28.428628101359195,28.428628101359195,28.247188583766746,28.37133026123047,5900,0.0,0.0,0.0,28.705559158325194
28.267241006982644,28.603379942108347,28.094396719624335,28.342681884765625,25900,0.0,0.0,0.0,28.590966033935548
28.40952710745708,28.638712989923132,28.180341224991032,28.457273483276367,3800,0.0,0.0,0.0,28.51075096130371
28.457272259095653,28.471597628351176,28.214717256121883,28.266284942626953,7200,0.0,0.0,0.0,28.432445526123047
28.485922597013232,28.64826282588287,28.075297205083714,28.5432186126709,37000,0.0,0.0,0.0,28.396157836914064
28.485923416928014,28.638714010684584,28.237638246721698,28.60051727294922,7500,0.0,0.0,0.0,28.441995239257814
28.848801568190623,28.917557884059033,28.67691351063101,28.867900848388672,29500,0.0,0.0,0.0,28.547039031982422
28.801054000854492,28.82015328026456,28.70555942521169,28.801054000854492,5600,0.0,0.0,0.0,28.615795135498047
28.619614343062516,28.657812901687503,28.2892055537125,28.428627014160156,5000,0.0,0.0,0.0,28.64826354980469
27.8174615810657,28.018000362056885,27.8174615810657,27.951154708862305,7900,0.0,0.0,0.0,28.52985076904297
27.855661673168843,28.180342139214194,27.76016709702476,27.90340805053711,27900,0.0,0.0,0.0,28.390428924560545
27.92250626972403,28.208989987277402,27.92250626972403,28.08484649658203,6200,0.0,0.0,0.0,28.23381805419922
28.106809937569597,28.208989072206823,27.846110072692134,28.065746307373047,5800,0.0,0.0,0.0,28.08675651550293
27.71241882792654,27.731518106133095,27.339990188528432,27.492782592773438,9100,0.0,0.0,0.0,27.899587631225586
27.750616853115222,28.132593327968053,27.59782626317409,28.094396591186523,9000,0.0,0.0,0.0,27.92823600769043
28.304484395178196,28.35223259493575,28.01418299056412,28.161243438720703,8500,0.0,0.0,0.0,27.97980308532715
28.170791973632625,28.35223148277894,27.998902104063227,28.056198120117188,52000,0.0,0.0,0.0,27.97407341003418
27.979802824909402,28.333132203625116,27.979802824909402,28.056198120117188,9100,0.0,0.0,0.0,27.97216377258301
28.132593132227598,28.142142771708414,27.960705085795414,28.008451461791992,4100,0.0,0.0,0.0,28.075297546386718
28.132593908069182,28.46682401348513,28.0657482512675,28.352231979370117,9300,0.0,0.0,0.0,28.126864624023437
28.2376378245337,28.2758363831055,28.07243251938495,28.14214324951172,3100,0.0,0.0,0.0,28.123044586181642
28.361779653702406,28.590965527457875,28.323581097372788,28.514570236206055,6800,0.0,0.0,0.0,28.214719009399413
28.68646131928428,28.822061464373444,28.571867466819675,28.70555877685547,15200,0.0,0.0,0.0,28.34459114074707
28.877449297087228,29.07798808807787,28.801054000854492,28.801054000854492,8900,0.0,0.0,0.0,28.50311164855957
28.934744383365533,29.418899990254292,28.896547647181343,29.230777740478516,11800,0.0,0.0,0.0,28.67882080078125
29.383568807305604,29.49816083913476,29.030239429449445,29.364469528198242,3700,0.0,0.0,0.0,28.923286056518556
29.125734308792136,29.173480685653374,28.81060348584839,29.0015926361084,43300,0.0,0.0,0.0,29.020690536499025
28.70555942521169,29.091357219383408,28.70555942521169,28.801054000854492,4800,0.0,0.0,0.0,29.039789581298827
28.629163224009755,28.886998023672895,28.285385312533045,28.781953811645508,11000,0.0,0.0,0.0,29.035969543457032
28.064793833715346,28.457274373740958,28.064793833715346,28.352231979370117,23200,0.0,0.0,0.0,28.86026039123535
28.333131790161133,28.471598829894454,28.0752969895696,28.333131790161133,4000,0.0,0.0,0.0,28.65399284362793
28.39042918946624,28.659722477666904,28.361782091164457,28.485923767089844,5100,0.0,0.0,0.0,28.55085906982422
28.57186791966455,28.71510887145996,28.395204139830465,28.71510887145996,20500,0.0,0.0,0.0,28.533670043945314
28.442783796037435,28.57455395399652,28.243666183831046,28.491588592529297,17700,0.651,0.0,0.0,28.47559700012207
28.87225597171703,28.95131731982247,28.77464824289654,28.901538848876953,4500,0.0,0.0,0.0,28.58545837402344
28.8136934491445,28.818572998046875,28.716085715682947,28.818572998046875,2400,0.0,0.0,0.0,28.682546615600586
28.579435794403267,28.579435794403267,28.24757062011709,28.36469841003418,6100,0.0,0.0,0.0,28.658301544189452
27.94498531470294,27.94498531470294,27.598479646336905,27.779052734375,43000,0.0,0.0,0.0,28.47109031677246
27.90106082839163,28.149960619913845,27.90106082839163,28.140199661254883,3600,0.0,0.0,0.0,28.400812530517577
28.13044144090004,28.319799961549098,28.101160423785362,28.237810134887695,22300,0.0,0.0,0.0,28.268066787719725
28.39398125392201,28.550152881430428,28.384220294488653,28.54039192199707,7700,0.0,0.0,0.0,28.212430572509767
29.057711011742263,29.292943985658592,29.057711011742263,29.282207489013672,6400,0.0,0.0,0.0,28.395932388305663
29.662874414302202,29.731199264526367,29.623832440622337,29.731199264526367,4900,0.0,0.0,0.0,28.786361694335938
29.584789276123047,29.584789276123047,29.584789276123047,29.584789276123047,0,0.0,0.0,0.0,29.07527961730957
29.44814019959258,29.701919555664062,29.39933726491879,29.701919555664062,2900,0.0,0.0,0.0,29.368101501464842
29.575029151327126,29.682397842407227,29.565270053694967,29.682397842407227,26100,0.0,0.0,0.0,29.596502685546874
29.59455108642578,29.672636899514796,29.490110869262477,29.59455108642578,6000,0.0,0.0,0.0,29.6589714050293
29.57502813915288,29.57502813915288,29.30953675622613,29.428617477416992,6600,0.0,0.0,0.0,29.598455047607423
29.334915621996558,29.496942328779568,29.334915621996558,29.428617477416992,4500,0.0,0.0,0.0,29.56722068786621
29.29196971142719,29.409097503875163,29.248046323831023,29.252925872802734,7400,0.0,0.0,0.0,29.477421951293945
29.27244736236956,29.37981605529785,29.213883467005346,29.37981605529785,14600,0.0,0.0,0.0,29.41690559387207
28.99914628438649,29.360294342041016,28.99914628438649,29.360294342041016,1900,0.0,0.0,0.0,29.370054244995117
29.55550876246101,29.603336159514583,29.282207489013672,29.282207489013672,10800,0.0,0.0,0.0,29.340772247314455
29.54574727389682,29.78976566526687,29.54574727389682,29.760482788085938,4500,0.0,0.0,0.0,29.407145309448243
29.79952749283212,29.891278276618024,29.623833948051097,29.682397842407227,14300,0.0,0.0,0.0,29.493039703369142
29.360294360633524,29.360294360633524,29.086993077324255,29.27244758605957,3700,0.0,0.0,0.0,29.471566009521485
28.979625116651455,28.979625116651455,28.5550317688426,28.598955154418945,57700,0.0,0.0,0.0,29.31929817199707
28.384219447985682,28.535511522121762,28.335416513986996,28.530630111694336,28100,0.0,0.0,0.0,29.168982696533202
28.559913651878734,28.842974026722448,28.452544960534926,28.47206687927246,43200,0.0,0.0,0.0,28.91129951477051
28.667281634407367,28.794170379638672,28.579434863973155,28.794170379638672,4200,0.0,0.0,0.0,28.733654022216797
28.315894107285576,28.447664260864258,28.19876446131145,28.447664260864258,9700,0.0,0.0,0.0,28.568697357177733
28.472066673932552,28.647760217877998,28.472066673932552,28.491588592529297,3800,0.0,0.0,0.0,28.547224044799805
28.823454350244404,28.94058214079074,28.60871696472168,28.60871696472168,4200,0.0,0.0,0.0,28.562841415405273
28.47206604209331,28.4769455907779,28.34908130874577,28.37445831298828,3700,0.0,0.0,0.0,28.543319702148438
28.296373538412766,28.452545166015625,28.25733156236838,28.452545166015625,4700,0.0,0.0,0.0,28.474994659423828
28.148008548015596,28.148008548015596,28.062114715576172,28.062114715576172,1000,0.0,0.0,0.0,28.39788475036621
28.101157914120844,28.167529827137557,27.944984436035156,27.944984436035156,3100,0.0,0.0,0.0,28.288563919067382
28.07187615923811,28.07187615923811,27.72048907750608,27.847379684448242,9300,0.0,0.0,0.0,28.136296463012695
27.54479511246693,27.779052542776657,27.486231220317634,27.71072769165039,3800,0.0,0.0,0.0,28.003550338745118
27.842498464074794,27.993790539011567,27.740986722513206,27.91570472717285,1800,0.0,0.0,0.0,27.896182250976562
28.003551704125996,28.003551704125996,27.8278581607688,27.896183013916016,5900,0.0,0.0,0.0,27.862995910644532
27.8571412274154,27.98402997530435,27.818097390087953,27.964508056640625,27200,0.0,0.0,0.0,27.866900634765624
27.740011245696067,27.740011245696067,27.56431770324707,27.56431770324707,2200,0.0,0.0,0.0,27.81028823852539
27.740012066008816,27.749773025512695,27.583840437372064,27.749773025512695,4300,0.0,0.0,0.0,27.81809730529785
27.905944004076215,28.050403594970703,27.905944004076215,28.050403594970703,3100,0.0,0.0,0.0,27.845037078857423
27.993791242646303,28.452545166015625,27.993791242646303,28.452545166015625,5300,0.0,0.0,0.0,27.956309509277343
28.491587946200564,28.510132465247953,28.335416324394597,28.462305068969727,3100,0.0,0.0,0.0,28.055868911743165
28.46133147887546,28.462307016336126,28.23781052734427,28.28661346435547,3600,0.0,0.0,0.0,28.200328063964843
28.315893410152803,28.315893410152803,27.94498442512692,28.0328311920166,3500,0.0,0.0,0.0,28.256939697265626
27.925465078960993,27.925465078960993,27.613121838399906,27.622880935668945,7100,0.0,0.0,0.0,28.171435165405274
27.710728147322694,27.710728147322694,27.554556524548136,27.67168617248535,3200,0.0,0.0,0.0,28.01526336669922
27.55455780029297,27.564318759882376,27.419859164356925,27.55455780029297,15600,0.0,0.0,0.0,27.833713912963866
27.535035281746325,27.632643013803026,27.515515224705098,27.52527618408203,1300,0.0,0.0,0.0,27.68144645690918
27.769294282562388,27.81809721720577,27.6912084701054,27.80833625793457,1800,0.0,0.0,0.0,27.636547470092772
27.544795989990234,27.658021628360252,27.544795989990234,27.544795989990234,4700,0.0,0.0,0.0,27.620930480957032
27.404243594067818,27.583841157862445,27.388625686111137,27.427669525146484,4100,0.0,0.0,0.0,27.57212715148926
27.515514110296426,27.66778171932684,27.50575315131482,27.622880935668945,6200,0.0,0.0,0.0,27.585791778564452
27.749771636821354,27.808335529201237,27.65704345703125,27.65704345703125,3200,0.0,0.0,0.0,27.612145233154298
27.40814653327146,27.56431815987713,27.40814653327146,27.52527618408203,14700,0.0,0.0,0.0,27.55553321838379
27.456950336376106,27.456950336376106,27.349583503261172,27.44719123840332,5300,0.0,0.0,0.0,27.536012268066408
27.64240461246426,27.740012346778332,27.378864288330078,27.378864288330078,3900,0.0,0.0,0.0,27.526251220703124
27.222691256951027,27.2324522160513,27.07628059387207,27.07628059387207,13200,0.0,0.0,0.0,27.41693115234375
27.134843633409957,27.183648427376497,26.99819393372871,27.066518783569336,35400,0.0,0.0,0.0,27.298826217651367
26.695613655293617,26.734655631675352,26.578484002723073,26.71513557434082,5300,0.0,0.0,0.0,27.136798095703124
26.461354575135225,26.490635590182222,26.25833109771246,26.34422492980957,11300,0.0,0.0,0.0,26.916204833984374
26.29542221457515,26.29542221457515,25.992838070692894,26.23685646057129,10700,0.0,0.0,0.0,26.687803268432617
26.530656183834097,26.58336499208375,26.461355792541177,26.57848358154297,4700,0.0,0.0,0.0,26.588243865966795
26.83226254116367,26.899611856609308,26.529680252075195,26.529680252075195,5000,0.0,0.0,0.0,26.480876159667968
26.393030815225764,26.393030815225764,26.119729539312136,26.158771514892578,11400,0.0,0.0,0.0,26.36960334777832
25.934275748730418,26.022122523342794,25.80738699746403,25.836668014526367,13800,0.0,0.0,0.0,26.26809196472168
26.070924348721746,26.109968185424805,25.869853802496284,26.109968185424805,4000,0.0,0.0,0.0,26.24271430969238
26.070924144086746,26.12948989868164,25.97331827652043,26.12948989868164,3000,0.0,0.0,0.0,26.15291557312012
26.041644111640004,26.568722890904507,25.992839314301754,26.47111701965332,4600,0.0,0.0,0.0,26.141202926635742
26.139250580771986,26.324703216552734,26.080684826797736,26.324703216552734,3000,0.0,0.0,0.0,26.174389266967772
26.373509622763464,26.78346061706543,26.373509622763464,26.78346061706543,8600,0.0,0.0,0.0,26.363747787475585
26.871305670374948,26.890825726595928,26.783458901386574,26.851783752441406,9700,0.0,0.0,0.0,26.512110900878906
26.85178573779849,26.900588674528155,26.500398635864258,26.500398635864258,3700,0.0,0.0,0.0,26.58629264831543
26.33446359642451,26.33446359642451,26.070923294473637,26.119728088378906,9200,0.0,0.0,0.0,26.516014862060548
26.256377945678665,26.45159339904785,26.256377945678665,26.45159339904785,8400,0.0,0.0,0.0,26.54139289855957
26.22709777479724,26.554081528742767,26.22709777479724,26.461355209350586,2900,0.0,0.0,0.0,26.4769718170166
26.10996821540219,26.168532108811412,25.934274673461914,25.934274673461914,9600,0.0,0.0,0.0,26.293470001220705
26.080684469461882,26.139250222633713,25.983078604267252,26.012359619140625,5700,0.0,0.0,0.0,26.195862197875975
25.787864306377127,25.807386224976128,25.631692681010374,25.651214599609375,9300,0.0,0.0,0.0,26.10215950012207
25.553607882213093,25.928419053279562,25.47552206643152,25.817148208618164,30000,0.0,0.0,0.0,25.975270462036132
25.80738699746403,25.836668014526367,25.764439147603202,25.836668014526367,800,0.0,0.0,0.0,25.85033302307129
25.787864702409117,25.84545305996173,25.670735050728943,25.70001792907715,6600,0.0,0.0,0.0,25.803481674194337
25.514561561971284,25.641452163845656,25.37791186307198,25.43647575378418,4800,0.0,0.0,0.0,25.688304901123047
25.63169167604162,25.63169167604162,25.279329064509405,25.309587478637695,3300,0.0,0.0,0.0,25.619979476928712
25.631692869704402,25.719539642333984,25.55360705644618,25.719539642333984,5800,0.0,0.0,0.0,25.600457763671876
25.651214143982518,25.797624807449168,25.564342910958846,25.690256118774414,4100,0.0,0.0,0.0,25.571175384521485
25.758581976553412,25.94403648376465,25.739061919251704,25.94403648376465,1900,0.0,0.0,0.0,25.619979095458984
26.422310931524983,26.51015770072966,26.334464162320305,26.41254997253418,5300,0.0,0.0,0.0,25.815193939208985
26.72489356994629,26.822501299444028,26.651689169107428,26.72489356994629,5100,0.0,0.0,0.0,26.098255157470703
26.646808435412787,26.646808435412787,26.412550995696563,26.57848358154297,13500,0.0,0.0,0.0,26.2700439453125
26.46135580914902,26.534560211892924,26.363748077111172,26.490636825561523,33900,0.0,0.0,0.0,26.430120086669923
26.588243675575548,26.68585140437541,26.588243675575548,26.65656852722168,9900,0.0,0.0,0.0,26.572626495361327
26.851785302416108,26.968913093353244,26.627288818359375,26.627288818359375,8500,0.0,0.0,0.0,26.615574264526366
26.67609022742889,26.822500888576485,26.558960581483277,26.76393699645996,14600,0.0,0.0,0.0,26.6233829498291
26.734655346089234,26.939631770469912,26.617527556482546,26.910348892211914,7700,0.0,0.0,0.0,26.689756011962892
27.652163990224263,27.8180965705522,27.613122015759643,27.779052734375,12500,0.0,0.0,0.0,26.947439193725586
27.90594376797894,27.99281500160596,27.866899931203278,27.91570472717285,7200,0.0,0.0,0.0,27.19926643371582
28.081636224456698,28.217310387095758,28.004525953004542,28.101158142089844,3100,0.0,0.0,0.0,27.494040298461915
28.296372691929154,28.44278335571289,28.267089814487367,28.44278335571289,10300,0.0,0.0,0.0,27.8298095703125
28.384220294488653,28.550152881430428,28.384220294488653,28.54039192199707,3200,0.0,0.0,0.0,28.15581817626953
28.559914064674167,28.559914064674167,28.364698597902507,28.43302345275879,7200,0.0,0.0,0.0,28.28661231994629
28.481828250308038,28.51110926712492,28.364698597902507,28.43302345275879,2700,0.0,0.0,0.0,28.390076065063475
28.62823800185262,28.774648666381836,28.62823800185262,28.774648666381836,2600,0.0,0.0,0.0,28.524774169921876
28.589195647308184,28.75415082892333,28.589195647308184,28.637998580932617,1100,0.0,0.0,0.0,28.56381721496582
28.64775971615252,28.838093764855778,28.590171360499543,28.794170379638672,4000,0.0,0.0,0.0,28.61457290649414
29.038188729357294,29.08699166320899,29.038188729357294,29.057710647583008,1200,0.0,0.0,0.0,28.739510345458985
28.920083558615158,28.969863891601562,28.862495203019638,28.969863891601562,3400,0.0,0.0,0.0,28.846878433227538
28.88201728129923,29.272446339607093,28.716084698804313,29.213882446289062,9500,0.0,0.0,0.0,28.934725189208983
28.989386189529665,29.174838830056867,28.989386189529665,29.10651397705078,7500,0.0,0.0,0.0,29.028428268432616
29.145557593799264,29.226571879383627,29.106513757112175,29.213882446289062,8400,0.0,0.0,0.0,29.112370681762695
29.28220789998872,29.477423364007034,29.2431640625,29.2431640625,9400,0.0,0.0,0.0,29.149461364746095
29.360292626054413,29.428617477416992,29.22364292332926,29.428617477416992,52100,0.0,0.0,0.0,29.24121208190918
29.520368828394535,29.569173624391116,29.457900923574037,29.56722068786621,6300,0.0,0.0,0.0,29.31187973022461
29.457900124176454,29.633593661571155,29.457900124176454,29.62383270263672,9000,0.0,0.0,0.0,29.415343475341796
29.581862596738773,29.643356828777954,29.581862596738773,29.63847541809082,4600,0.0,0.0,0.0,29.50026206970215
29.64335639353491,30.102110320616973,29.51744131894826,30.063066482543945,16700,0.0,0.0,0.0,29.664242553710938
30.08258840158046,30.18019613505036,29.96546061078671,30.063066482543945,8700,0.0,0.0,0.0,29.791132354736327
29.955698689550392,29.955698689550392,29.770244188082806,29.809288024902344,8900,0.0,0.0,0.0,29.839545822143556
29.770242864644924,29.784883371945103,29.692157056189767,29.761457443237305,8800,0.0,0.0,0.0,29.867070770263673
29.897132310760632,30.088443756103516,29.8776122544706,30.088443756103516,23600,0.0,0.0,0.0,29.95706443786621
30.092347295055948,30.092347295055948,29.731199264526367,29.731199264526367,8400,0.0,0.0,0.0,29.890690994262695
29.96546061078671,30.072827442062202,29.858091917798554,30.063066482543945,10500,0.0,0.0,0.0,29.890690994262695
30.160673156363323,30.160673156363323,30.03378441050937,30.072826385498047,3100,0.0,0.0,0.0,29.943398666381835
30.072825948662036,30.37541009356383,30.072825948662036,30.28756332397461,10900,0.0,0.0,0.0,30.0486198425293
30.336367282336383,30.47301698999737,30.326606322973078,30.4534969329834,23400,0.0,0.0,0.0,30.121630477905274
30.329082914826703,30.436841885456236,30.191936492919922,30.191936492919922,17000,0.113,0.0,0.0,30.213777923583983
30.368269694765488,30.368269694765488,30.188998388336007,30.22132682800293,5000,0.0,0.0,0.0,30.24542999267578
30.025401605949472,30.074383806938965,29.898051620336624,29.917644500732422,17500,0.0,0.0,0.0,30.214393615722656
29.49640744856711,29.564980662713793,29.418037794045187,29.467018127441406,6600,0.0,0.0,0.0,30.050284576416015
29.643348991206544,29.79127093675173,29.63355255126953,29.63355255126953,25400,0.0,0.0,0.0,29.88629570007324
29.57477586412002,29.878458029110384,29.57477586412002,29.69232940673828,3200,0.0,0.0,0.0,29.786374282836913
29.927438052501845,30.26050953395941,29.89805060138961,30.074382781982422,7500,0.0,0.0,0.0,29.756985473632813
29.83927175746111,29.86376379119305,29.735432858878635,29.77069854736328,5600,0.0,0.0,0.0,29.727596282958984
29.86866178944045,30.005808212908065,29.832415148175485,29.996013641357422,4800,0.0,0.0,0.0,29.833395385742186
29.679596005919294,29.868661880493164,29.633552924483443,29.868661880493164,2100,0.0,0.0,0.0,29.880417251586913
30.10377032244815,30.10377032244815,29.86866137045317,29.947031021118164,3100,0.0,0.0,0.0,29.93135757446289
29.398444831624637,29.523836652207354,29.32007517732043,29.408241271972656,21200,0.0,0.0,0.0,29.798129272460937
29.222112060489966,29.2417049407959,29.01639242271741,29.2417049407959,17700,0.0,0.0,0.0,29.69233055114746
29.339668220705555,29.525794982910156,29.320075339900875,29.525794982910156,6300,0.0,0.0,0.0,29.598286819458007
29.633553565535596,29.66294288635254,29.373954437999025,29.66294288635254,6600,0.0,0.0,0.0,29.557143020629884
29.662941955323653,29.730536083145097,29.613959755499483,29.69232940673828,5000,0.0,0.0,0.0,29.506202697753906
29.457221553286505,29.59436798095703,29.457221553286505,29.59436798095703,900,0.0,0.0,0.0,29.543428039550783
30.201732638855223,30.36826837889805,29.966623688526496,30.01560401916504,9500,0.0,0.0,0.0,29.69820785522461
29.974461916408252,30.025402285502285,29.87258117822018,29.956829071044922,24800,0.0,0.0,0.0,29.78441467285156
30.133160426715136,30.142956866863315,30.03030060787911,30.06360626220703,9700,0.0,0.0,0.0,29.864547348022462
29.986218257763813,30.13316112643886,29.849069960984476,30.084178924560547,24100,0.0,0.0,0.0,29.942917251586913
30.182141161167237,30.182141161167237,29.976421520753874,30.093975067138672,2000,0.0,0.0,0.0,30.042838668823244
30.113566701460154,30.113566701460154,29.66783896386417,29.683513641357422,8600,0.0,0.0,0.0,29.976420593261718
29.819680950957235,30.07928006767451,29.814781796785294,30.074382781982422,4300,0.0,0.0,0.0,29.99993133544922
29.907848358154297,29.937235810560516,29.771681014464335,29.907848358154297,2900,0.0,0.0,0.0,29.96877975463867
29.731514762663895,29.780495093342747,29.52579326315707,29.736412048339844,14500,0.0,0.0,0.0,29.89922637939453
29.760903619754725,29.962706926559168,29.760903619754725,29.9450740814209,5900,0.0,0.0,0.0,29.869446182250975
29.878458236774982,29.935276841573977,29.737393610956648,29.809885025024414,2500,0.0,0.0,0.0,29.894720458984374
29.9078485479457,30.005809214561328,29.858866346157942,29.93233871459961,1300,0.0,0.0,0.0,29.866311645507814
29.858865143145582,29.898050902997,29.7550262428031,29.87845802307129,4800,0.0,0.0,0.0,29.86043357849121
29.849069083739792,30.01560482827179,29.809885191868677,29.927438735961914,6900,0.0,0.0,0.0,29.898638916015624
29.457221092065584,29.564980065536602,29.31615646416744,29.486610412597656,7700,0.0,0.0,0.0,29.806946182250975
29.604163734011046,29.74131202697754,29.604163734011046,29.74131202697754,27000,0.0,0.0,0.0,29.793231582641603
29.898050897028767,30.09397409080712,29.898050897028767,30.064586639404297,3100,0.0,0.0,0.0,29.81968116760254
30.10377072164419,30.19879413453955,30.054790390009003,30.08907699584961,4000,0.0,0.0,0.0,29.861804962158203
30.191936195675456,30.544600555369268,30.09691278472418,30.201732635498047,4800,0.0,0.0,0.0,29.91666374206543
30.250712945059213,30.294795989990234,30.142955844045492,30.294795989990234,4300,0.0,0.0,0.0,30.078300857543944
30.671952173972404,31.0931897664384,30.63276828106949,30.828691482543945,20600,0.0,0.0,0.0,30.295776748657225
30.83848654221764,30.867875861938995,30.823792816596896,30.843385696411133,3400,0.0,0.0,0.0,30.451536560058592
30.995226540339104,31.31850159061961,30.897265876026147,30.975635528564453,16100,0.0,0.0,0.0,30.628848266601562
31.16176194010827,31.233274270612746,31.12747533428283,31.171558380126953,5800,0.0,0.0,0.0,30.822813415527342
31.142171726709833,31.29401187969127,31.122578846170317,31.269521713256836,9500,0.0,0.0,0.0,31.017758560180663
31.465443924743767,31.55361001592198,31.318501062273366,31.42626190185547,3300,0.0,0.0,0.0,31.13727264404297
31.41646316898414,31.56340789794922,31.347889958656356,31.56340789794922,5000,0.0,0.0,0.0,31.281277084350585
31.485038041049904,31.55361125499689,31.436057707796326,31.445852279663086,14400,0.0,0.0,0.0,31.375320434570312
31.485038041049904,31.54381668313013,31.320462327577136,31.445852279663086,3900,0.0,0.0,0.0,31.43017921447754
31.690757708512585,31.690757708512585,31.55948951841649,31.631982803344727,4600,0.0,0.0,0.0,31.502671432495116
31.90137542764052,32.072812193817136,31.90137542764052,31.9748477935791,3600,0.0,0.0,0.0,31.612388610839844
32.04342177403047,32.0924021068447,31.82790756225586,31.82790756225586,3800,0.0,0.0,0.0,31.665288543701173
31.778923156553688,31.869051153374198,31.602590970718524,31.83770179748535,33700,0.0,0.0,0.0,31.743658447265624
31.857294159981898,32.22367316821845,31.857294159981898,32.10219955444336,12700,0.0,0.0,0.0,31.87492790222168
32.20995869381364,32.28734739376998,32.09240141324835,32.21975326538086,7100,0.0,0.0,0.0,31.992481994628907
32.08260672018951,32.08260672018951,31.82300759960383,31.916072845458984,3800,0.0,0.0,0.0,31.980727005004884
32.131588306509414,32.28832761583054,31.916074091792815,32.02872848510742,8200,0.0,0.0,0.0,32.020891189575195
32.13158812394694,32.13158812394694,31.886682720964174,31.892560958862305,3500,0.0,0.0,0.0,32.03186302185058
31.906273969617274,31.979746334145936,31.89158024410348,31.975826263427734,5500,0.0,0.0,0.0,32.00658836364746
32.04341941649815,32.503842732388904,31.945458758076946,32.46759796142578,7300,0.0,0.0,0.0,32.05615730285645
32.27853355691756,32.38629253446842,32.209960341559736,32.22955322265625,8600,0.0,0.0,0.0,32.118853378295896
32.229550385115886,32.29812359443641,32.229550385115886,32.25893783569336,4000,0.0,0.0,0.0,32.16489524841309
32.29812317316682,32.43526959001906,32.278530294050846,32.39608383178711,10200,0.0,0.0,0.0,32.26559982299805
32.61160321003821,32.6899709930148,32.474456787109375,32.474456787109375,12300,0.0,0.0,0.0,32.365325927734375
32.79772987373326,32.846710205078125,32.70956378252861,32.846710205078125,6100,0.0,0.0,0.0,32.441148376464845
32.6997713513921,32.76834456715529,32.601806945330424,32.7223014831543,4300,0.0,0.0,0.0,32.53969802856445
32.71936294773271,32.885896826057895,32.503844999820274,32.572418212890625,31700,0.0,0.0,0.0,32.602394104003906
32.3373058284579,32.3373058284579,32.190364837646484,32.190364837646484,21800,0.0,0.0,0.0,32.56125030517578
32.26089554494722,32.67037662821298,32.26089554494722,32.582210540771484,12700,0.0,0.0,0.0,32.582801055908206
32.82711671210543,32.82711671210543,32.16097749172784,32.23052978515625,14100,0.0,0.0,0.0,32.459564971923825
32.180568099768394,32.31771826296192,32.13550783798295,32.20016098022461,5500,0.0,0.0,0.0,32.35513687133789
32.44506538587828,32.611602996170966,32.44506538587828,32.54302978515625,48800,0.0,0.0,0.0,32.34925918579101
32.40588337387562,32.40588337387562,32.06595456903575,32.170772552490234,3400,0.0,0.0,0.0,32.345340728759766
31.739741132892398,31.916073318727562,31.690757063636106,31.83770179748535,15500,0.0,0.0,0.0,32.19643898010254
31.72994215325742,31.72994215325742,31.332215660067547,31.612388610839844,12800,0.0,0.0,0.0,32.07281074523926
31.240131806323717,31.249928246409674,31.025594813336927,31.102985382080078,30600,0.0,0.0,0.0,31.85337562561035
31.631982664441917,31.631982664441917,31.102986098494785,31.14217185974121,5500,0.0,0.0,0.0,31.573204040527344
30.985429810045105,30.985429810045105,30.574969622891476,30.79930305480957,4500,0.0,0.0,0.0,31.29891014099121
31.084372736060303,31.084372736060303,30.936448923202,31.063798904418945,1500,0.0,0.0,0.0,31.14412956237793
30.995226035476904,31.09318856667411,30.828690292985613,30.867876052856445,475600,0.0,0.0,0.0,30.99522705078125
30.907060623168945,30.97563570444926,30.76991419756814,30.907060623168945,5400,0.0,0.0,0.0,30.956042098999024
31.181355537056334,31.315562844590154,31.093189443341007,31.210744857788086,3000,0.0,0.0,0.0,30.9697566986084
31.455649264520524,31.837701079561707,31.455649264520524,31.79851531982422,6600,0.0,0.0,0.0,31.16959915161133
31.739740461685397,31.739740461685397,31.548714553896936,31.612388610839844,14900,0.0,0.0,0.0,31.279317092895507
31.210744173531076,31.528139114379883,31.210744173531076,31.528139114379883,2900,0.0,0.0,0.0,31.411369705200194
31.798514937536737,31.83770069680313,31.659410350188644,31.749534606933594,9100,0.0,0.0,0.0,31.579864501953125
31.69075766165513,31.81810951759701,31.612389875893896,31.7436580657959,6500,0.0,0.0,0.0,31.686447143554688
31.52422274687993,31.616305172399787,31.171558380126953,31.171558380126953,10500,0.0,0.0,0.0,31.561055755615236
31.13237387571342,31.61238821630074,30.779709515902393,31.172536849975586,7900,0.0,0.0,0.0,31.473085403442383
31.303808187323966,31.502672373845595,31.303808187323966,31.39687156677246,18100,0.0,0.0,0.0,31.446831893920898
31.729942063303902,31.82790646250727,31.616304855011887,31.7397403717041,4600,0.0,0.0,0.0,31.444873046875
31.955253850334646,32.072811126708984,31.932723720661404,32.072811126708984,2700,0.0,0.0,0.0,31.51070365905762
32.33730578768003,32.47445594400793,32.33730578768003,32.37649154663086,7500,0.0,0.0,0.0,31.751690292358397
32.327512434821244,32.55282495184088,32.327512434821244,32.5234375,7900,0.0,0.0,0.0,32.02187042236328
32.67037684091724,32.93487510496377,32.67037684091724,32.885894775390625,4800,0.0,0.0,0.0,32.319675064086915
32.98385666040648,33.12100682005203,32.98385666040648,33.032840728759766,12100,0.0,0.0,0.0,32.578295135498045
33.0328409424995,33.10533048812547,32.96426773071289,32.96426773071289,7500,0.0,0.0,0.0,32.75658645629883
33.072021379149945,33.16998577483106,32.983855291516726,33.10630798339844,1700,0.0,0.0,0.0,32.902549743652344
33.30713528936034,33.55106161239583,33.218969193527755,33.532447814941406,15500,0.0,0.0,0.0,33.10435180664062
33.336521963838166,33.336521963838166,33.15627344236648,33.17390441894531,4600,0.0,0.0,0.0,33.16195373535156
33.16018879797584,33.228762009225655,33.10141389516728,33.21896743774414,1600,0.0,0.0,0.0,33.199179077148436
33.10141508189074,33.33652217547332,33.10141508189074,33.17978286743164,14600,0.0,0.0,0.0,33.24228210449219
33.16998613066336,33.196436330933025,33.04753343746803,33.189579010009766,6400,0.0,0.0,0.0,33.25893630981445
33.11120717500961,33.11120717500961,32.81732146155181,32.92018127441406,2800,0.0,0.0,0.0,33.13648300170898
33.248356789447705,33.248356789447705,32.685077341553,32.78793716430664,37800,0.0,0.0,0.0,33.05928955078125
32.895694898749134,33.091616227853166,32.87610201844677,33.013248443603516,9800,0.0,0.0,0.0,33.01814575195313
33.189581011445696,33.189581011445696,32.92508272975856,33.06222915649414,7500,0.0,0.0,0.0,32.994635009765624
32.640991044323336,32.64980653248364,32.153138416789794,32.5234375,9300,0.0,0.0,0.0,32.86140670776367
32.70956355157302,32.719361859948656,32.57731628417969,32.57731628417969,10200,0.0,0.0,0.0,32.792833709716795
32.76834263548246,32.77813720703125,32.55282469181139,32.77813720703125,16000,0.0,0.0,0.0,32.79087371826172
32.96426773071289,33.0328409424995,32.738951478317155,32.96426773071289,15200,0.0,0.0,0.0,32.7810775756836
32.72915530621713,32.768341064453125,32.54302856003554,32.768341064453125,13100,0.0,0.0,0.0,32.72229995727539
33.140601711950225,33.140601711950225,32.77813901632168,32.90549087524414,17900,0.0,0.0,0.0,32.798710632324216
33.042635895577156,33.08182165618189,32.9397760767096,33.013248443603516,5700,0.0,0.0,0.0,32.88589706420898
32.75364895602891,32.80752844202292,32.543030166314075,32.592010498046875,3500,0.0,0.0,0.0,32.84867172241211
32.20016160014587,32.37649379068675,32.19036702820912,32.36669921875,3800,0.0,0.0,0.0,32.72915802001953
31.965051739009745,32.209957122802734,31.876885651365885,32.209957122802734,3500,0.0,0.0,0.0,32.61748123168945
32.78793436636489,32.92508078499976,32.631195068359375,32.631195068359375,12600,0.0,0.0,0.0,32.5626220703125
32.4450654415432,32.4450654415432,31.818108232927447,31.98464584350586,7400,0.0,0.0,0.0,32.35690155029297
31.377279173548324,31.455650696591295,31.1127827571981,31.41156578063965,34800,0.0,0.0,0.0,32.120812606811526
31.475242902395472,31.67410521926074,31.38707680934272,31.651575088500977,5100,0.0,0.0,0.0,31.97778778076172
31.69075749262378,31.74953613435111,31.50463073259371,31.7005558013916,25500,0.0,0.0,0.0,31.875907516479494
31.700555844664024,31.81810939131928,31.700555844664024,31.75933074951172,3300,0.0,0.0,0.0,31.70153465270996
31.759329987432594,31.759329987432594,31.406669355929075,31.66136932373047,15400,0.0,0.0,0.0,31.63687934875488
32.09240224583483,32.11199512643736,31.715249570875947,31.75933074951172,21400,0.0,0.0,0.0,31.706432342529297
31.602591613800907,31.690757708512585,31.602591613800907,31.631982803344727,2600,0.0,0.0,0.0,31.702513885498046
31.41646447490705,31.5830020904541,31.41646447490705,31.5830020904541,2100,0.0,0.0,0.0,31.679003143310545
31.770000457763672,31.829999923706055,31.65999984741211,31.719999313354492,6400,0.657,0.0,0.0,31.6711368560791
31.670000076293945,31.899999618530273,31.65999984741211,31.756000518798828,9700,0.0,0.0,0.0,31.690063095092775
32.06999969482422,32.20000076293945,31.840999603271484,32.06999969482422,4400,0.0,0.0,0.0,31.752196884155275
31.610000610351562,31.780000686645508,31.610000610351562,31.690000534057617,6400,0.0,0.0,0.0,31.763800430297852
32.20500183105469,32.369998931884766,32.20000076293945,32.34000015258789,3700,0.0,0.0,0.0,31.91520004272461
32.779998779296875,32.95000076293945,32.459999084472656,32.59000015258789,8700,0.0,0.0,0.0,32.08920021057129
32.72999954223633,32.7599983215332,32.5,32.54999923706055,2500,0.0,0.0,0.0,32.24799995422363
32.29999923706055,32.34000015258789,32.04999923706055,32.04999923706055,3700,0.0,0.0,0.0,32.2439998626709
32.31999969482422,32.58000183105469,32.279998779296875,32.58000183105469,19000,0.0,0.0,0.0,32.422000122070315
32.7400016784668,32.849998474121094,32.70000076293945,32.70000076293945,10000,0.0,0.0,0.0,32.49400024414062
32.95000076293945,33.29999923706055,32.95000076293945,33.209999084472656,7100,0.0,0.0,0.0,32.61800003051758
33.0,33.09600067138672,32.82600021362305,32.959999084472656,9900,0.0,0.0,0.0,32.7
32.77000045776367,32.9370002746582,32.599998474121094,32.88999938964844,4700,0.0,0.0,0.0,32.86800003051758
32.7400016784668,32.861000061035156,32.70000076293945,32.79600143432617,16300,0.0,0.0,0.0,32.911199951171874
32.65999984741211,32.65999984741211,32.349998474121094,32.45500183105469,10700,0.0,0.0,0.0,32.86220016479492
32.279998779296875,32.279998779296875,32.099998474121094,32.130001068115234,16700,0.0,0.0,0.0,32.646200561523436
32.599998474121094,32.7400016784668,32.540000915527344,32.7400016784668,20100,0.0,0.0,0.0,32.60220108032227
32.619998931884766,32.779998779296875,32.619998931884766,32.66999816894531,5600,0.0,0.0,0.0,32.55820083618164
32.5,32.560001373291016,32.26499938964844,32.279998779296875,3800,0.0,0.0,0.0,32.45500030517578
32.11000061035156,32.375,32.029998779296875,32.20899963378906,1500,0.0,0.0,0.0,32.405799865722656
32.435001373291016,32.5880012512207,32.31999969482422,32.56399917602539,2000,0.0,0.0,0.0,32.49259948730469
32.369998931884766,32.369998931884766,32.19599914550781,32.29999923706055,4600,0.0,0.0,0.0,32.404598999023435
32.38999938964844,32.43000030517578,32.27000045776367,32.39500045776367,2700,0.0,0.0,0.0,32.34959945678711
32.529998779296875,32.643001556396484,32.45100021362305,32.560001373291016,4000,0.0,0.0,0.0,32.405599975585936
32.20000076293945,32.20000076293945,31.56999969482422,31.56999969482422,17300,0.0,0.0,0.0,32.27779998779297
31.43000030517578,31.489999771118164,31.31999969482422,31.479999542236328,48700,0.0,0.0,0.0,32.06100006103516
30.530000686645508,31.049999237060547,30.520000457763672,30.81999969482422,28500,0.0,0.0,0.0,31.76500015258789
30.709999084472656,30.989999771118164,30.6200008392334,30.899999618530273,29300,0.0,0.0,0.0,31.46599998474121
31.260000228881836,31.34000015258789,30.8799991607666,30.8799991607666,6200,0.0,0.0,0.0,31.129999542236327
31.18000030517578,31.450000762939453,31.131000518798828,31.450000762939453,3500,0.0,0.0,0.0,31.105999755859376
31.468000411987305,31.5,31.440000534057617,31.440000534057617,1900,0.0,0.0,0.0,31.09799995422363
31.510000228881836,31.559999465942383,31.451000213623047,31.479999542236328,1800,0.0,0.0,0.0,31.229999923706053
31.559999465942383,31.93000030517578,31.549999237060547,31.885000228881836,8200,0.0,0.0,0.0,31.427000045776367
32.040000915527344,32.13999938964844,31.93000030517578,32.0099983215332,8700,0.0,0.0,0.0,31.652999877929688
32.279998779296875,32.43000030517578,32.279998779296875,32.40999984741211,6700,0.0,0.0,0.0,31.844999694824217
32.63999938964844,32.84199905395508,32.540000915527344,32.810001373291016,40800,0.0,0.0,0.0,32.1189998626709
32.93000030517578,33.21900177001953,32.93000030517578,33.189998626708984,18900,0.0,0.0,0.0,32.46099967956543
33.18000030517578,33.18000030517578,33.07099914550781,33.13999938964844,6900,0.0,0.0,0.0,32.71199951171875
33.18000030517578,33.48400115966797,33.18000030517578,33.45199966430664,6900,0.0,0.0,0.0,33.00039978027344
33.540000915527344,33.540000915527344,33.279998779296875,33.31999969482422,4600,0.0,0.0,0.0,33.18239974975586
33.540000915527344,33.869998931884766,33.52000045776367,33.79999923706055,7200,0.0,0.0,0.0,33.38039932250977
33.73500061035156,33.810001373291016,33.70000076293945,33.779998779296875,6500,0.0,0.0,0.0,33.498399353027345
33.81999969482422,34.040000915527344,33.81999969482422,33.94900131225586,30200,0.0,0.0,0.0,33.66019973754883
33.97999954223633,34.01300048828125,33.83000183105469,33.89500045776367,12100,0.0,0.0,0.0,33.748799896240236
34.08000183105469,34.16999816894531,33.93000030517578,33.970001220703125,3500,0.0,0.0,0.0,33.87880020141601
34.025001525878906,34.09000015258789,33.90999984741211,33.93000030517578,4700,0.0,0.0,0.0,33.90480041503906
33.849998474121094,33.849998474121094,33.439998626708984,33.45000076293945,11900,0.0,0.0,0.0,33.83880081176758
33.36000061035156,33.529998779296875,33.36000061035156,33.41999816894531,21900,0.0,0.0,0.0,33.73300018310547
33.58000183105469,33.58000183105469,33.439998626708984,33.527000427246094,3500,0.0,0.0,0.0,33.659400177001956
33.459999084472656,33.459999084472656,32.8650016784668,32.8650016784668,4800,0.0,0.0,0.0,33.43840026855469
32.9900016784668,33.20000076293945,32.9900016784668,33.15999984741211,12800,0.0,0.0,0.0,33.284400177001956
32.88999938964844,33.04999923706055,32.59000015258789,32.81700134277344,5300,0.0,0.0,0.0,33.15780029296875
32.88999938964844,33.08000183105469,32.63999938964844,33.04999923706055,50000,0.0,0.0,0.0,33.0838005065918
33.119998931884766,33.38999938964844,33.119998931884766,33.38999938964844,12300,0.0,0.0,0.0,33.056400299072266
33.650001525878906,33.81999969482422,33.58000183105469,33.650001525878906,11600,0.0,0.0,0.0,33.213400268554686
33.650001525878906,33.86800003051758,33.619998931884766,33.86800003051758,8500,0.0,0.0,0.0,33.35500030517578
33.75,33.79499816894531,33.70000076293945,33.70000076293945,4800,0.0,0.0,0.0,33.53160018920899
33.939998626708984,34.279998779296875,33.810001373291016,33.86000061035156,11900,0.0,0.0,0.0,33.693600463867185
34.369998931884766,34.540000915527344,34.2400016784668,34.43000030517578,11600,0.0,0.0,0.0,33.90160064697265
34.13999938964844,34.21200180053711,33.959999084472656,33.97999954223633,9700,0.0,0.0,0.0,33.96760025024414
34.06999969482422,34.189998626708984,33.935001373291016,34.119998931884766,3300,0.0,0.0,0.0,34.01800003051758
34.38999938964844,34.47999954223633,34.38999938964844,34.47999954223633,1100,0.0,0.0,0.0,34.17399978637695
34.47999954223633,34.47999954223633,34.185001373291016,34.185001373291016,4000,0.0,0.0,0.0,34.238999938964845
34.84000015258789,35.07500076293945,34.69499969482422,35.04499816894531,7100,0.0,0.0,0.0,34.36199951171875
35.31999969482422,35.34700012207031,35.119998931884766,35.119998931884766,4500,0.0,0.0,0.0,34.58999938964844
35.15999984741211,35.20000076293945,35.0,35.11000061035156,4600,0.0,0.0,0.0,34.7879997253418
34.709999084472656,34.709999084472656,34.349998474121094,34.599998474121094,10300,0.0,0.0,0.0,34.81199951171875
34.369998931884766,34.48400115966797,34.24800109863281,34.3650016784668,3100,0.0,0.0,0.0,34.847999572753906
34.15999984741211,34.18600082397461,34.0,34.02000045776367,8600,0.0,0.0,0.0,34.64300003051758
34.084999084472656,34.255001068115234,34.071998596191406,34.255001068115234,11800,0.0,0.0,0.0,34.470000457763675
34.13999938964844,34.13999938964844,33.81399917602539,33.90999984741211,2400,0.0,0.0,0.0,34.23000030517578
34.029998779296875,34.029998779296875,34.029998779296875,34.029998779296875,800,0.0,0.0,0.0,34.11600036621094
34.029998779296875,34.29999923706055,34.029998779296875,34.29999923706055,3300,0.0,0.0,0.0,34.10299987792969
34.22999954223633,34.22999954223633,34.012001037597656,34.08000183105469,4500,0.0,0.0,0.0,34.11500015258789
34.220001220703125,34.459999084472656,34.220001220703125,34.459999084472656,4500,0.0,0.0,0.0,34.155999755859376
34.459999084472656,34.630001068115234,34.43000030517578,34.529998779296875,71700,0.0,0.0,0.0,34.279999542236325
34.68000030517578,34.689998626708984,34.349998474121094,34.41999816894531,7000,0.0,0.0,0.0,34.35799942016602
34.45000076293945,34.45000076293945,34.220001220703125,34.29999923706055,9800,0.0,0.0,0.0,34.35799942016602
34.459999084472656,34.459999084472656,34.349998474121094,34.41999816894531,4700,0.0,0.0,0.0,34.42599868774414
34.459999084472656,34.69499969482422,34.45000076293945,34.689998626708984,3500,0.0,0.0,0.0,34.471998596191405
34.47999954223633,34.47999954223633,34.220001220703125,34.2599983215332,4100,0.0,0.0,0.0,34.417998504638675
34.11399841308594,34.15999984741211,34.040000915527344,34.040000915527344,43000,0.0,0.0,0.0,34.34199905395508
34.08399963378906,34.09000015258789,33.82400131225586,33.90999984741211,13800,0.0,0.0,0.0,34.26399917602539
34.38800048828125,34.38800048828125,34.08000183105469,34.150001525878906,2600,0.0,0.0,0.0,34.20999984741211
34.25400161743164,34.31999969482422,34.08000183105469,34.08000183105469,9500,0.0,0.0,0.0,34.08800048828125
34.13999938964844,34.334999084472656,34.130001068115234,34.279998779296875,17900,0.0,0.0,0.0,34.092000579833986
34.099998474121094,34.290000915527344,34.099998474121094,34.22999954223633,3200,0.0,0.0,0.0,34.130000305175784
33.810001373291016,34.04999923706055,33.810001373291016,33.946998596191406,3200,0.0,0.0,0.0,34.13740005493164
33.880001068115234,33.880001068115234,33.560001373291016,33.7400016784668,2900,0.0,0.0,0.0,34.05540008544922
33.939998626708984,33.939998626708984,33.790000915527344,33.814998626708984,22700,0.0,0.0,0.0,34.00239944458008
33.97999954223633,33.994998931884766,33.75,33.803001403808594,3500,0.0,0.0,0.0,33.90699996948242
34.07500076293945,34.25,34.07500076293945,34.209999084472656,6600,0.0,0.0,0.0,33.90299987792969
33.279998779296875,33.369998931884766,33.11000061035156,33.369998931884766,11000,0.0,0.0,0.0,33.78759994506836
33.939998626708984,34.090999603271484,33.88999938964844,34.066001892089844,15000,0.0,0.0,0.0,33.85279998779297
33.619998931884766,33.68000030517578,33.32500076293945,33.5260009765625,15700,0.0,0.0,0.0,33.79500045776367
33.65999984741211,33.755001068115234,33.54999923706055,33.54999923706055,12500,0.0,0.0,0.0,33.74440002441406
33.189998626708984,33.470001220703125,32.73500061035156,32.959999084472656,14900,0.0,0.0,0.0,33.49440002441406
32.650001525878906,32.709999084472656,32.33000183105469,32.5099983215332,11200,0.0,0.0,0.0,33.32239990234375
33.04999923706055,33.09299850463867,32.86000061035156,32.880001068115234,15900,0.0,0.0,0.0,33.08519973754883
32.91999816894531,32.970001220703125,32.775001525878906,32.900001525878906,2500,0.0,0.0,0.0,32.95999984741211
32.810001373291016,33.0,32.810001373291016,32.97999954223633,4700,0.0,0.0,0.0,32.84599990844727
32.52000045776367,32.790000915527344,32.470001220703125,32.70000076293945,9200,0.0,0.0,0.0,32.794000244140626
32.65999984741211,32.70000076293945,32.400001525878906,32.70000076293945,3900,0.0,0.0,0.0,32.832000732421875
32.61000061035156,32.6510009765625,32.494998931884766,32.606998443603516,2600,0.0,0.0,0.0,32.777400207519534
32.529998779296875,32.819000244140625,32.529998779296875,32.68000030517578,5900,0.0,0.0,0.0,32.73339996337891
33.119998931884766,33.130001068115234,32.959999084472656,33.06999969482422,58100,0.0,0.0,0.0,32.751399993896484
32.85499954223633,32.862998962402344,32.79999923706055,32.79999923706055,1000,0.0,0.0,0.0,32.771399688720706
32.939998626708984,33.18299865722656,32.91299819946289,33.099998474121094,5200,0.0,0.0,0.0,32.85139923095703
33.5890007019043,33.849998474121094,33.4900016784668,33.849998474121094,2200,0.0,0.0,0.0,33.099999237060544
33.88999938964844,34.09000015258789,33.70500183105469,34.09000015258789,102000,0.0,0.0,0.0,33.38199920654297
34.040000915527344,34.33000183105469,34.0,34.13999938964844,19700,0.0,0.0,0.0,33.59599914550781
34.470001220703125,34.72999954223633,34.34700012207031,34.650001525878906,37200,0.0,0.0,0.0,33.965999603271484
34.90999984741211,35.09000015258789,34.90999984741211,35.040000915527344,20300,0.0,0.0,0.0,34.354000091552734
