Open,High,Low,Close,Volume,Dividends,Stock Splits,Moving_Average
157.09155141545696,157.62084784821448,150.3504964155697,150.72000122070312,37912100,0.0,0.0,
152.50999450683594,153.39999389648438,147.22000122070312,148.7100067138672,39260500,0.2,0.0,
150.4499969482422,151.27000427246094,148.33999633789062,148.66000366210938,31118800,0.0,0.0,
149.9199981689453,151.5,147.52000427246094,151.16000366210938,29607700,0.0,0.0,
153.8000030517578,154.82000732421875,152.64999389648438,154.69000244140625,29695000,0.0,0.0,150.78800354003906
155.42999267578125,158.3800048828125,155.2100067138672,157.4600067138672,29591200,0.0,0.0,152.13600463867186
157.30999755859375,158.25,156.60000610351562,158.05999755859375,18379800,0.0,0.0,154.0060028076172
159.02000427246094,160.5500030517578,158.3800048828125,159.32000732421875,20715600,0.0,0.0,156.13800354003905
159.86000061035156,160.5,158.60000610351562,159.80999755859375,23677300,0.0,0.0,157.86800231933594
163.7100067138672,163.7899932861328,161.33999633789062,162.13999938964844,26587700,0.0,0.0,159.35800170898438
163.5,163.72999572753906,162.05999755859375,163.58999633789062,40896400,0.0,0.0,160.58399963378906
164.35000610351562,165.49000549316406,161.6699981689453,161.85000610351562,24150900,0.0,0.0,161.34200134277344
163.02999877929688,163.22000122070312,160.69000244140625,162.2899932861328,23332100,0.0,0.0,161.93599853515624
161.47000122070312,162.80999755859375,161.3000030517578,161.49000549316406,18869200,0.0,0.0,162.27200012207032
163.63999938964844,164.0800018310547,162.27999877929688,162.72999572753906,20319300,0.0,0.0,162.38999938964844
162.80999755859375,165.6999969482422,162.6300048828125,163.9499969482422,21101300,0.0,0.0,162.46199951171874
163.32000732421875,166.14999389648438,163.25999450683594,165.85000610351562,20413900,0.0,0.0,163.26199951171876
167.69000244140625,169.16000366210938,164.5800018310547,166.99000549316406,28338100,0.0,0.0,164.202001953125
166.4199981689453,167.52000427246094,164.72999572753906,165.86000061035156,17760200,0.0,0.0,165.0760009765625
164.41000366210938,166.63999938964844,163.9199981689453,165.86000061035156,15073100,0.0,0.0,165.702001953125
168.05999755859375,168.22999572753906,165.47999572753906,167.05999755859375,19047400,0.0,0.0,166.32400207519532
167.72000122070312,168.47999572753906,162.75,162.97999572753906,22463100,0.0,0.0,165.75
163.94000244140625,164.72999572753906,162.8699951171875,164.3800048828125,23072700,0.0,0.0,165.22799987792968
163.4499969482422,164.83999633789062,159.74000549316406,161.86000061035156,31181800,0.0,0.0,164.4279998779297
160.8699951171875,163.07000732421875,160.39999389648438,162.0800018310547,14144100,0.0,0.0,163.6720001220703
162.1300048828125,163.89999389648438,161.24000549316406,163.24000549316406,15344300,0.0,0.0,162.9080017089844
163.63999938964844,166.22999572753906,163.39999389648438,164.9600067138672,19016100,0.0,0.0,163.30400390625
165.7899932861328,167.67999267578125,164.6300048828125,165.4600067138672,20247200,0.0,0.0,163.52000427246094
164.52999877929688,165.8000030517578,163.74000549316406,165.16000366210938,16406000,0.0,0.0,164.1800048828125
165.72999572753906,166.3699951171875,162.75999450683594,162.92999267578125,21453400,0.0,0.0,164.35000305175782
163.19000244140625,164.7100067138672,163.0800018310547,163.4199981689453,19757700,0.0,0.0,164.38600158691406
162.9499969482422,164.5,162.6199951171875,164.07000732421875,20946500,0.0,0.0,164.20800170898437
162.97999572753906,165.77000427246094,162.97999572753906,165.13999938964844,16568100,0.0,0.0,164.1440002441406
164.75999450683594,165.82000732421875,161.92999267578125,162.77999877929688,18280500,0.0,0.0,163.66799926757812
162.8300018310547,163.3300018310547,161.00999450683594,162.72000122070312,22412500,0.0,0.0,163.6260009765625
163.6699981689453,165.58999633789062,163.4199981689453,165.27000427246094,19828900,0.0,0.0,163.99600219726562
168.75,168.75,163.9499969482422,166.72000122070312,32138600,0.0,0.0,164.5260009765625
167.72999572753906,170.3800048828125,167.08999633789062,169.67999267578125,42169000,0.0,0.0,165.43399963378906
180.67999267578125,182.02000427246094,174.05999755859375,174.4600067138672,68890800,0.0,0.0,167.77000122070314
173.1300048828125,176.82000732421875,171.0,171.11000061035156,44769000,0.0,0.0,169.4480010986328
170.07000732421875,172.32000732421875,168.8800048828125,171.2899932861328,31796500,0.0,0.0,170.6519989013672
169.92999267578125,170.72999572753906,168.00999450683594,169.24000549316406,21492700,0.0,0.0,171.15599975585937
169.42999267578125,170.52999877929688,168.83999633789062,169.74000549316406,18242100,0.0,0.0,171.16800231933593
173.8000030517578,176.94000244140625,173.5,176.50999450683594,33695500,0.0,0.0,171.5779998779297
177.41000366210938,181.0800018310547,177.19000244140625,180.75,25352900,0.0,0.0,173.50599975585936
180.64999389648438,180.89999389648438,178.0800018310547,178.35000610351562,22006200,0.0,0.0,174.91800231933593
178.5800018310547,180.5500030517578,178.47000122070312,180.35000610351562,17450400,0.0,0.0,177.14000244140624
179.82000732421875,182.49000549316406,179.38999938964844,181.6199951171875,25134900,0.0,0.0,179.51600036621093
180.4600067138672,180.9600067138672,178.5399932861328,178.8800048828125,23184000,0.0,0.0,179.99000244140626
178.27999877929688,178.82000732421875,174.32000732421875,175.5800018310547,31007500,0.0,0.0,178.95600280761718
173.72999572753906,174.13999938964844,171.22000122070312,172.49000549316406,32504600,0.0,0.0,177.78400268554688
173.4199981689453,175.44000244140625,172.89999389648438,175.3000030517578,20206600,0.0,0.0,176.7740020751953
173.72000122070312,178.8699951171875,173.55999755859375,178.1199951171875,23434900,0.0,0.0,176.07400207519532
177.33999633789062,177.67999267578125,173.77999877929688,175.97999572753906,18997100,0.0,0.0,175.49400024414064
173.89999389648438,174.1300048828125,163.6999969482422,167.6300048828125,59734400,0.0,0.0,173.90400085449218
165.85000610351562,166.4600067138672,163.89999389648438,164.75999450683594,38604600,0.0,0.0,172.35799865722657
166.08999633789062,168.6300048828125,165.61000061035156,167.64999389648438,33135300,0.0,0.0,170.82799682617187
167.6300048828125,169.82000732421875,167.5800018310547,169.1199951171875,20486700,0.0,0.0,169.0279968261719
169.0,169.47999572753906,168.02000427246094,169.22999572753906,19266500,0.0,0.0,167.67799682617186
168.5,169.42999267578125,167.16000366210938,168.9499969482422,14257200,0.0,0.0,167.9419952392578
168.77000427246094,172.0800018310547,168.57000732421875,171.49000549316406,23789100,0.0,0.0,169.28799743652343
171.49000549316406,172.67999267578125,170.85000610351562,171.33999633789062,22248700,0.0,0.0,170.0259979248047
171.14999389648438,174.91000366210938,171.05999755859375,174.3699951171875,31615100,0.0,0.0,171.07599792480468
175.36000061035156,176.05999755859375,172.3300018310547,172.63999938964844,21309800,0.0,0.0,171.75799865722655
